8256.49
8550.6
6157.87
3649.68
4020.79
5067.29
3436.8
3936.44
2186.14
1287.45
2800.98
3124.69
6560.79
4955.08
2189.96
2730.15
1567.92
2631.17
1876.01
2060.05
4357.5
2150.68
2047.43
2815.83
2680.02
2459.85
2741.09
2679.13
2405.94
1235.46
1801.18
2251.4
3354.98
1599.56
4036.6
5408.92
3897.72
3799.71
2588.35
4366.33
4636.08
3581.82
4039.4
2596.57
3801.34
1377.16
3663.75
3023.39
2151.21
1794.67
2683.21
3550.74
2240.21
1876.92
2160.59
2127.41
2262.55
1535.3
4794.59
1917.77
1480.91
1920.29
3496.46
5733.87
1576.7
1034.54
1743.85
1309.6
2714.98
2232.82
3849.25
1463.43
5189.79
1704.24
1279.83
2423.74
1684.54
2845.21
1839.31
1875.77
2475.9
1394.52
4102.59
1951.17
2593.43
2131.48
1883.01
2958.41
3403.7
1328.6
2619.45
1389.65
2215.07
2309.04
1949.75
3251.62
1779.09
2090.67
2221.21
1868.39
1825.19
2653.23
2600.22
1773.24
2205.13
1642.51
1576.34
1592.28
2096.88
1309.75
1794.02
1890.79
1450.41
1912.78
2385.77
2184.26
3184.35
1271.4
2268.84
1975.27
2070.82
5529.99
2963.18
931.455
1775
1981.32
2241.08
2502.96
3552.97
1562.53
3038.44
1467.81
1885.93
1491.2
1957.74
2415.91
3954.59
2231.44
1757.03
1700.81
2315.44
2306.32
1622.21
1576.95
2569.29
2151.11
1985.94
2278.38
2340.94
2045.99
2324.93
1749.68
1909.78
1456.02
1587.8
1362.54
881.514
1596.92
1565.65
1736.54
2424.84
775.144
3696.21
2061.3
3204.54
1223.85
1511.26
997.549
2314.14
1571.42
1515.4
2275.29
2352.4
2437.63
2354.33
1647.14
1581.21
2129.7
2233.15
2123.7
2832.79
3045.11
1844.43
1517.32
1469.05
1909
2383.84
2570.79
1769.67
2627.41
1728.68
1568.49
2499.65
2200.65
2140.03
2692.79
1975.34
3780.17
1893.67
1330.14
2487.41
1373.12
1682.83
1826.89
1454.67
1686.12
1544.33
2023.24
2151.82
1955.91
3804.95
1202.07
3281.51
1403.61
1512.47
3739.43
1196.63
1455.49
2109.57
1150.6
1931.85
1737.48
1714.33
1507.26
2162.51
1651.17
1237.53
1861.29
1776.71
1737.08
1266.1
2245.95
1246.92
1125.36
1583.93
1778.75
2046.16
2479.29
2525.74
1857.15
2450.11
1447.37
875.057
1664.91
1366.22
2022.25
1383.32
1831.85
1179.9
1739.76
3128.86
1630.18
1638.69
1019.65
1797.77
1482.96
1910.61
1190.57
2217.96
1457.64
2223.67
1322.48
2309.68
2389.23
1904.74
2233.07
1521.93
1875.62
3861.11
1992.65
2081.09
1895.72
1849.26
1898.36
1829.19
2447.74
2436.39
2499.14
1091.38
1314.55
1748.63
883.965
2173.87
1726.96
1146.86
2460.3
2192.3
2302
1252.5
1662.98
2281.36
1401.61
1284.74
1133.41
1405.12
1435.97
1835.79
1575.65
1317.76
3752.41
1612.8
1818.19
1886.07
2542.49
948.688
1157.87
997.126
1091.25
1703.08
1514.38
1939.37
1180.42
1634.68
1805.33
1877.03
1851.07
2054.4
1131.32
1456.84
1372.33
1012.7
1364.71
2137.65
1358.96
1628.82
1707.03
2079.72
1397.35
1956.16
1713.79
983.121
1973
1285.66
1901.56
1982.02
1914.97
1537.7
4479.54
2577
2293.35
1995.79
2708.21
1471.83
2350.78
2010.7
1193.81
2065.82
959.432
1261.46
1562.95
1239.03
1565.8
1393.9
1559.48
3273.65
998.496
1999.02
2252.79
2437.92
1091.8
1506.11
1477.6
1274.23
1890.15
2800.29
1091
2314.47
1720.44
1483.2
1266.95
1107.47
2631.29
1190.3
1936.65
919.732
1168.79
1929.93
1602.59
1957.67
628.215
2159.11
1068.63
4038.82
1073.61
2019.02
3670.48
1152.31
2417.21
2564.11
1036.01
2009.13
2467.67
2301.65
1554.08
1354.58
1465.43
1467.92
1735.03
2635.09
1501.62
1536.47
1238.57
2142.49
1647.84
3206.4
1491.34
1279.87
1534.64
3492.92
1286.19
3182.91
1436.74
1578.79
1295.91
1812.95
1631.54
962.399
1143.56
1675.41
1347.02
3757.71
3565.66
1533.26
2543.47
1409.55
1721.62
2162.13
2326.73
1120.53
3024.91
2633.53
1254.09
3392.46
1683.33
1650.13
1710.69
1885.66
1432.18
1529.46
974.268
2027.22
1623.3
2589.62
1852.12
1967.92
1684.66
1317.62
1466.01
1191.85
688.037
1799.8
3434.82
2001.21
2160.58
2089.92
1444.42
1833.96
1938.97
1461.75
2463.43
2632.5
1316.9
1434.31
1059.96
1128.91
4483.2
2338.22
1117.62
1657.8
1371.98
1003.77
1289.96
1991.96
2099.96
2660.84
1480.53
1711.6
1865.06
1206.06
2158.33
1487.48
929.578
1585.97
1141.45
2744.76
1857.68
1775.9
2068.21
1868.46
2591.15
1435.11
1633.96
872.346
1357.44
1055.61
1155.7
816.701
1435.59
1568.31
1117.3
1176.18
1761.21
1721.36
1177.71
1404.71
1337.16
1135.58
899.686
2073.52
1578.54
889.118
1682.01
1045.09
2331.37
1254.12
1186.47
1627.81
1228.42
1555.26
1151.4
1414.13
1484.76
1442.4
1761.61
949.53
1296.63
1278.44
1824.98
965.355
1696.11
1044.71
610.239
1472.7
1539.79
1984.26
981.496
1615.26
818.595
2373.28
2519.06
1305.86
1887.84
1671.05
938.183
866.545
1848.06
2199.31
2204.77
1606.59
2351.49
2115.84
634.035
2396.4
1679.28
1513.33
1667.96
1244.76
868.35
515.701
1839.72
810.694
1740.44
2065.06
1968.97
1094.25
917.434
1369.05
768.226
1495.86
1050.8
2295.01
2286.87
2438.1
1133.29
1273.65
1131.05
2003.95
1036.58
1472.6
1662.98
1259.65
718.885
1855.96
1539.96
1401.91
1386.44
995.944
1191.4
1262.86
1859.22
964.308
1050.99
1022.94
872.723
1405.11
1385.35
1478.05
1217.61
1049.01
1132.7
607.656
939.006
1851.93
866.776
1125.18
1127.87
1318.74
1289.98
1506.3
1188.45
2332.27
1188.4
1259.44
1088.92
1792.83
1131.79
1365.13
1566.39
1790.19
1322.49
2415.18
2700.97
1561.08
1504.88
3496.79
1092.97
1921.32
1413.57
1600.58
1523.43
1098.21
808.052
1162.13
2202.85
1149.05
1366.41
1428.9
924.169
994.753
1159.74
812.953
1699.83
937.979
1069.15
1635.99
1740.12
1188.44
887.132
1162.68
2139.56
1465.9
1021.12
1703.87
1177.14
1463.21
1103.18
1547.67
1457.61
1108.82
1762.57
1258.76
1056.52
1812.9
1097.7
2013.45
2046.12
1216.49
1220.67
1655.69
1773.37
1255.1
784.344
952.065
1483.69
1306.62
1441.53
829.716
1804.58
1701.05
1501.34
1195.61
847.888
2377.61
1096.65
2110.79
1560.73
1584.71
1349.9
1202.18
855.014
1517.52
1337.93
2158.76
1258.55
1710.52
2317.08
1348.75
934.89
1740.83
1089.99
2109.88
1847.75
1040.27
1255.22
1728.38
1623.1
969
1143.84
690.449
1663.42
715.872
1436.24
2463.72
1204.04
1081.19
1369.32
966.048
1430.62
1069.87
2901.72
3329.7
991.377
1497.02
1614.03
1395.89
938.024
1298.18
1384.5
1449.64
1298.78
1709.36
934.947
1852.43
1358.69
2066.61
1418.85
1889.34
1136.27
933.63
1468.47
1123.79
790.44
1389.44
748.246
1535.88
1091.64
1550.47
2189.76
2506.1
1526.36
1429.78
2237.25
1961.91
1390.17
1139.06
1223.72
1279.26
1502.77
955.597
1162.96
1708.09
1371.47
1036.39
1222.55
1094.97
1341.64
1867.16
1102.21
1271.22
730.324
713.81
1482.74
2171.12
1043.98
1669.36
1471.62
1140.44
1436.62
890.303
1029.84
1576.22
1496.77
1643.73
1751.7
2651.13
2429.65
1480.5
921.803
2208.24
1225.99
1414.5
1912.66
1080.12
1466.86
1465.6
1542.11
971.117
1133.75
783.96
1370.35
2161.96
710.982
1432.84
860.3
1140.24
1468.61
1818.25
2588.85
1440.82
1191.21
2268.51
1188.16
1065.6
2277.34
1691.35
970.702
1098.76
1226.9
1143.26
911.83
1197.03
747.824
905.656
1514.7
1378.23
1065.1
1258.93
2287.28
1077.94
1556
1006.56
1733.73
1938.08
1265.09
1164.66
1462.69
1361.12
766.123
1893.54
1561.34
1614.76
1427.78
1951.06
1115.33
1753.54
1554.68
1462.25
1942.6
1487.19
2708.2
744.016
1198.46
1646.66
1485.97
857.028
2098.91
1122.82
1345.12
1177.71
1821.92
1119.57
1028.27
2495.18
1062.41
912.045
780.481
1176.28
1578.53
1667.61
1831.94
1681.08
1409.32
994.805
1560.66
1759.21
1249.17
1733.87
1457.86
1041.63
1851.34
1594.39
798.885
1344.77
1281.04
2486.08
1735.11
1377.35
822.171
943.367
1287.65
1163.23
1148.44
2388.12
1714.4
864.866
1415.62
972.536
1220.21
1236.9
1619.36
1628.92
1121.92
1596.84
1169.7
1479.93
1735.58
1098.86
907.534
2691.99
2906.64
1599.48
1917.06
1144.6
1610.37
746.881
1135.34
977.6
1566.05
1736.35
1555.65
1818.96
1135.26
1190.36
2662.63
1203.45
1455.71
1957.25
831.483
1347.68
1317.06
1291.32
1136.79
1377.87
1717.6
1964.71
1633.42
1248.31
1301.51
1443.25
2021.38
1090.07
1995.68
1408.58
1105.43
1575.93
1383.1
883.974
717.5
1683.06
1540.97
1286.98
1732.92
1363.59
1373.43
1804.84
1744.48
1656.02
827.395
1663.51
1265.73
1000.36
1080.17
1496.34
1635.12
1717.4
1204.66
1693.49
1493.42
937.531
1043.64
1804.16
981.096
806.825
1703.35
1251.31
773.402
1148.96
1262.99
1689.18
970.991
1209.68
1044.22
2148.05
1383.37
1524.55
692.807
663.993
1565.69
1421.73
2445.43
1076.07
433.801
1331.4
1405.53
1460.34
3353.51
1321.51
1655.2
1470.16
936.518
688.847
1517.76
1307.42
1114.6
2143.81
2094.15
1439.39
1642.7
1373.97
937.696
1086.61
1299.66
1573.95
1232.89
1536.07
1767.48
1568.25
1729.66
774.51
908.165
1255.85
1708.09
1136.05
1901.89
871.2
1413.71
1148.02
1737.47
2057.75
1546.45
1027.38
1330.37
1572.89
1531
1586.63
1220.64
1453.73
1132.87
1171.17
1415.61
1191.6
1611.18
1838.16
1167.6
1291.52
1489.55
1318.25
1477.68
2026.18
970.554
851.73
1556.29
1129.96
1042.06
1524.45
1116.28
1302.81
1845.58
1421.06
877.427
1210.33
1105.85
1106.66
1153.01
1079.64
739.207
817.007
1407.64
1518.6
1618.58
2265.35
1139.15
943.413
1214.31
1687.55
2114.87
992.786
807.369
1966.88
849.928
2066.97
1554.68
1588.97
1672.28
1314.96
1680.9
1649.43
1121.78
768.004
2227.51
1316.16
1716.6
653.077
1461.03
1847.48
845.034
850.839
920.894
1742.23
1892.25
911.829
968.655
1966.27
974.548
1178.66
802.062
1713.5
851.719
949.114
1066.54
1388.16
2614.06
2022.85
1243.56
1704.72
1457.01
1465.56
1303.35
1671.76
1436.87
2378.67
959.098
1449.93
648.346
1231.26
871.272
883.568
1306.43
1449.07
1333.42
1052.4
1052.85
1042.27
1122.67
648.907
1162.26
1633.93
1841.12
929.024
1947.51
972.592
1783.12
1107.48
1614.73
1089.27
964.618
1444.54
1098.07
1256.93
1671.7
960.84
882.895
1000.39
1226.3
1587.14
1434.29
2993.38
1520.94
1650.27
1120.31
1571.66
1079.03
1699.44
1121.63
1247.15
1395.97
2573.57
855.74
2143.81
691.65
1112.24
2785.97
1974.97
1340.62
1747.29
1281.21
1424.16
1772.98
1118.14
2570.51
1576.7
1827.4
1490.18
1913.06
1441.13
2608.78
1175.88
772.982
1270.47
2030.32
1589.21
1750.06
2116.06
956.329
2504.49
1026.64
1141.49
1665.92
1543.91
937.588
2482.85
2078.44
1607.97
1239.36
1050.64
1425.62
1110.3
1215.29
494.93
1116.68
1913.95
814.539
1232.57
1384.18
1904.31
1788.65
682.595
1354.83
1367.98
1161.21
1324.88
1388.82
1579.41
2053.51
1070.26
901.322
1312.34
2181.7
1218.97
1020.25
1449.49
2897.35
1600.16
1748.33
1220.81
1507.78
1274.93
935.931
2137.52
676.996
981.202
1610.92
711.574
1682.45
997.668
1398.51
1432.07
1238.9
683.785
1372.66
1211.21
1471.86
975.109
2353.22
1123.74
778.88
637.426
1833.76
1807.41
2345.6
1377.28
839.08
1337.64
1329.46
2769.74
2165.05
1145.27
2446.03
1464.36
1086.03
980.479
1933.42
1142.77
1136.07
1164.24
2388.78
1411.39
1019.7
1344.07
2324.22
1136.47
1235
1633.27
1111.56
1529.43
1179.74
1455.4
821.909
1705.25
751.272
1510.83
657.345
1128.05
2217.88
1122.78
2010.13
1622.35
1380.8
828.943
1373.38
1579.59
1034.11
1404.04
1565.13
1958.85
1569.32
639.961
1288.07
1376.02
808.176
2058.68
3228.78
756.176
1726.99
3356.26
768.373
1299.03
1433.83
1748.14
1723.99
1286.96
2140.41
2023.19
1081.29
2167.21
1973.32
1590.85
1495.62
1317.95
1274.88
1173.22
1570.29
1368.56
1459.15
2884.16
1603.62
1705.17
1172.61
2730.83
1249.25
1302.72
2184.44
1999.51
1241.08
907.969
1381.59
1952.96
912.868
1552.42
882.087
1218.49
848.718
1485.27
2159.33
1065.4
1318.62
1187.08
1105.62
1509.12
2742.76
1152.72
2355.06
1185
1646.99
1194.82
1447.71
1163.61
975.915
1779.52
1360.82
1198.05
1351.45
1223.86
1882.06
1289.33
941.087
2278.02
2462.8
1115.88
800.74
999.292
878.443
922.818
1359.92
1407.53
1662.21
1091.54
1077.68
693.529
1675.92
1078.61
1303.66
1092.64
885.69
864.204
848.504
1879.94
1109.12
1087.03
865.151
1424.01
1125.46
1487.55
1356.64
1176.08
1362.27
1201.46
1416.36
2044.87
1029.14
634.911
955.856
889.327
1717.11
1137.56
1847.22
1645.47
1091.74
1591.47
1379.07
917.962
1224.32
2791
1177.18
925.841
954.294
791.389
1047.27
1093.66
2035.8
1135.01
2496.2
820.172
2568.29
1625.31
987.866
1279.93
1862.25
2381.14
808.508
2091.07
1114.2
1400.56
1993.41
1513.02
941.286
930.826
1255.49
1403.43
921.45
1452.28
2030.97
1114.17
1292.42
1171.64
996.465
1665.88
1395.91
1134.27
816.952
1019.87
1095.83
3345.4
1294.26
1160.69
1583.59
1117.25
2139.1
1031.2
1810.6
979.306
1463.79
1119.95
1110.28
1361.86
1349.03
1025.86
1274.61
1024.22
1347.69
905.289
1389.62
1130.66
1504.32
1536.05
1133.65
1088.01
2308.38
1653.04
1415.43
1636.94
1527.66
1249.03
1295.26
1489.45
858.582
1751.64
1509.68
1003.94
1322.75
3503.24
1205.82
2238.04
1648.07
1710.51
1453.04
1178.47
633.137
1421.75
1376.25
1244.49
1638.13
1722.62
1581.71
1372.21
1337.9
1363.44
1494.99
2164.85
1247.85
1710.84
1205.38
1515.78
1083.62
1553.02
1485.5
804.727
1251.06
658.383
1433.98
1832.73
963.498
657.443
1868.84
3114.98
1469.37
886.37
905.769
902.986
1068.4
1047.8
1170.42
1421.3
1164.01
1418.73
1602.16
1036.6
1481.46
1813.36
866.092
2278.73
1348.99
927.191
1299.49
1193.04
1268.45
1453.01
899.778
1965.22
900.299
1246.16
1608.76
1251.32
964.915
853.935
2193.01
2397.45
2464.13
1613.3
1360.72
1024.94
1366.59
972.854
1295.77
1792.32
1325.94
969.088
879.741
1322.32
1476.55
2608.77
1043.74
1781.92
3194
1521.83
1316.04
1365.53
1510.78
1183.33
983.4
2106.68
1622.38
1040.53
1039.98
1597.17
1196.52
1178.09
1229.32
883.456
1534.23
1134.12
1015.08
861.28
810.415
1726.27
1014.18
1466.36
1633.9
1182.15
2772.32
1493.74
